8
7
9
4
3
7
6
9
8
8
4
3
0
1
4
8
1
8
9
4
6
7
7
0
6
1
2
4
0
3
5
6
7
5
6
3
0
5
9
6
7
4
2
9
1
1
1
9
3
9
7
5
3
3
8
7
8
2
7
3
5
3
5
8
9
5
5
4
6
2
7
9
9
4
3
0
6
0
8
6
9
4
7
1
2
2
8
4
6
8
1
5
5
0
7
6
9
1
4
3
688
482
757
535
560
552
78
326
167
416
629
436
951
346
774
786
60
610
443
819
576
994
950
828
733
954
719
317
847
459
579
700
803
66
746
617
488
200
203
355
553
269
342
721
395
460
413
214
745
402
936
491
594
480
132
24
300
489
671
350
855
141
58
195
672
939
819
896
512
357
254
143
409
301
512
150
901
30
88
657
290
797
643
556
478
326
402
893
603
963
25
912
831
335
134
148
234
913
788
179
